16
6 0 0 14 0 0 0 0 13 10 0 0 0 0 0 8
0 2 0 4 0 0 6 10 0 0 0 0 0 0 9 0
0 0 0 1 15 14 0 0 0 0 4 0 0 0 0 0
0 5 0 10 12 0 0 4 0 0 0 14 3 0 0 13
0 8 1 3 0 0 5 7 0 16 6 0 2 11 0 0
14 12 0 0 0 0 0 0 0 0 0 0 8 0 3 0
0 15 0 0 13 11 0 2 0 0 8 5 0 1 6 0
2 11 0 0 0 8 12 16 0 0 15 0 5 10 0 4
0 0 8 15 0 0 7 0 0 0 2 0 1 0 0 0
3 0 0 12 0 0 9 0 0 1 0 16 10 2 0 0
0 13 0 0 0 16 0 8 0 0 0 0 14 0 15 0
0 0 16 0 5 0 0 14 0 3 0 0 0 0 8 0
0 16 0 0 2 7 4 0 14 0 3 0 9 8 0 10
0 0 3 0 9 0 0 5 1 0 12 7 15 0 0 14
5 0 0 0 0 0 16 0 0 6 0 15 0 0 0 0
13 0 0 0 14 15 0 0 0 0 0 0 0 0 5 7