25
16 0 0 0 24 15 8 22 0 3 5 9 0 10 14 17 12 0 1 13 19 11 0 0 4 
4 18 11 25 0 2 0 24 20 0 0 8 7 0 19 0 0 6 0 5 22 21 0 12 0 
0 9 0 8 6 1 14 5 19 7 4 0 0 2 15 3 0 23 0 10 0 25 0 20 13 
0 3 0 0 2 17 0 0 11 0 21 0 16 13 0 0 20 25 19 22 0 9 0 0 0 
13 0 0 5 0 0 0 0 0 4 0 0 0 0 0 24 8 7 0 15 17 18 14 10 6 
18 21 20 0 17 0 0 0 3 15 0 0 0 0 0 0 0 0 13 0 0 7 2 4 1 
9 0 0 0 16 0 4 20 10 0 0 0 2 0 17 11 6 14 0 7 18 5 0 0 0 
0 6 8 15 0 14 0 25 0 2 0 16 1 19 24 0 21 0 10 0 0 3 12 13 0 
0 0 7 0 10 0 22 9 12 0 11 6 13 23 0 8 25 0 0 24 21 0 0 0 19 
22 1 0 11 0 0 24 0 16 23 8 0 20 25 12 0 2 4 0 3 9 14 0 0 17 
0 0 13 0 0 0 25 0 0 0 0 10 19 24 9 21 7 22 16 0 0 2 0 0 18 
12 25 15 0 0 24 0 0 1 13 7 0 0 17 11 23 0 5 4 9 3 0 6 22 0 
14 0 24 10 0 0 19 12 0 0 0 1 15 4 0 6 18 0 0 0 5 0 23 0 0 
1 8 0 0 22 0 11 16 17 18 3 13 23 5 0 0 0 10 24 20 7 0 15 0 0 
21 0 19 4 0 6 9 0 23 0 0 0 25 12 18 0 0 2 17 0 16 10 0 0 11 
20 0 0 18 0 25 3 0 8 22 10 14 0 9 6 1 0 0 12 23 0 13 0 0 0 
25 19 16 9 0 20 10 0 13 0 2 21 0 0 0 14 22 0 11 6 8 0 17 0 0 
7 15 10 0 23 0 0 0 0 5 1 0 24 0 3 9 0 0 0 21 20 0 22 0 16 
0 2 17 0 0 0 7 4 18 0 0 0 5 11 16 19 0 24 0 0 0 15 1 21 3 
5 11 0 0 1 19 23 17 21 0 20 25 12 0 0 0 13 15 18 0 0 4 24 0 14 
24 17 0 20 0 0 0 8 6 0 14 5 18 22 10 13 15 0 0 1 0 19 0 7 2 
0 0 0 12 0 0 1 0 4 0 19 0 11 7 2 22 3 0 0 0 23 24 0 5 8 
6 4 21 0 0 12 0 14 5 0 0 15 8 0 1 0 17 0 9 18 13 0 25 0 20 
0 10 3 14 0 0 0 21 0 11 23 4 0 0 0 0 0 20 25 19 0 0 0 16 12 
0 13 22 0 0 0 15 18 0 9 0 12 0 3 0 2 16 0 0 0 6 17 11 0 0
