16
0 15 0 1 0 2 10 14 0 0 0 3 0 9 0 5
10 0 0 16 0 0 8 0 0 15 0 9 0 0 7 0
0 0 9 0 0 0 15 0 8 2 0 4 12 0 0 0
4 0 2 0 1 0 7 0 6 0 5 0 0 0 8 0
9 0 0 15 0 1 0 7 0 0 10 0 0 0 13 0
3 0 12 0 0 4 0 0 0 14 7 0 0 1 5 0
0 0 0 0 8 0 0 15 0 0 4 2 7 6 14 0
1 4 7 0 13 0 16 0 0 6 0 0 9 0 0 11
0 7 16 5 0 6 0 12 0 0 3 10 11 0 0 4
2 0 8 0 0 0 14 0 5 0 6 0 1 0 0 10
0 3 0 4 0 0 0 8 0 0 9 1 0 0 16 2
15 1 10 0 4 11 0 0 13 16 12 14 8 3 6 7
12 0 0 3 0 0 2 0 0 0 14 6 0 5 11 1
5 0 0 2 0 8 4 6 0 1 0 0 0 16 0 9
7 0 0 6 0 14 0 0 0 3 0 5 0 4 0 8
16 0 0 0 5 0 9 1 4 0 11 0 6 0 0 3
